Webots Project File version R2020b
perspectives: 000000ff00000000fd000000030000000000000064000003ccfc0100000002fb0000001e00480074006d006c0052006f0062006f007400570069006e0064006f00770100000000000000640000000000000000fb0000001a0044006f00630075006d0065006e0074006100740069006f006e0000000000ffffffff0000005400ffffff0000000100000201000002b8fc0200000001fb0000001400540065007800740045006400690074006f00720000000016000002b8000000a200ffffff000000030000073a000000c5fc0100000001fc000000000000073a0000007b00fffffffa000000000100000002fb0000001a0043006f006e0073006f006c00650041006c006c0041006c006c0100000000ffffffff0000005400fffffffb0000001a0043006f006e0073006f006c00650041006c006c0041006c006c0100000000ffffffff0000005400ffffff0000073a0000030100000001000000020000000100000008fc00000000
simulationViewPerspectives: 000000ff0000000100000002000001180000061c0100000006010000000100
sceneTreePerspectives: 000000ff0000000100000002000000c0000000fc0100000006010000000200
minimizedPerspectives: 000000ff00000000fd00000003000000000000000000000000fc0100000001fb0000001a0044006f00630075006d0065006e0074006100740069006f006e0000000000ffffffff0000005400ffffff0000000100000124000002f7fc0200000001fb0000001400540065007800740045006400690074006f00720000000016000002f70000003c00ffffff000000030000073a0000010efc0100000001fb0000001a0043006f006e0073006f006c00650041006c006c0041006c006c01000000000000073a0000005400ffffff0000073a000002b800000001000000020000000100000008fc00000000
maximizedDockId: -1
centralWidgetVisible: 1
renderingMode: PLAIN
orthographicViewHeight: 1
textFiles: 1 "controllers/my_controller/my_controller.py" "controllers/my_controller1/my_controller1.py"
consoles: Console:All:All
renderingDevicePerspectives: vehicle:front_camera;1;1.09766;0.00191451;0.00600342
renderingDevicePerspectives: vehicle:rear_camera;0;2.14844;0.0925335;0.0727532
